Data1:
[[5.926915  5.487284  4.9007173 1.894479  4.6784186 2.7654552 3.9569325
  2.395333 ]
 [3.2478647 5.648723  3.6075213 2.5963929 3.2721186 3.4405699 3.231161
  4.7624454]
 [5.642317  3.8404026 3.5026026 4.4395895 3.241869  5.0783176 4.8008003
  5.6806207]
 [5.2791243 5.296423  4.6104665 5.334738  3.7683756 4.0417595 3.7484248
  4.8598585]
 [2.6153264 3.128764  3.776634  5.7173615 4.31888   3.575481  4.305721
  3.2254076]
 [2.4424276 4.995636  3.1202142 3.398858  2.7258487 6.122785  2.765347
  3.5120862]
 [3.0861769 3.3418627 4.078024  4.525809  3.5120082 5.191369  3.1859922
  3.264007 ]
 [2.5967522 4.0360036 3.9365227 4.675615  3.902193  5.844594  2.8154626
  5.383549 ]]

Data2:
[[11.219536  10.934515  12.687048   6.0591917 10.626981   6.69554
   5.6505275  9.780359 ]
 [11.048393  12.541132  13.337404  11.830211  10.083519  12.182607
   5.52032    9.40848  ]
 [13.325109   7.7195206 11.777181  10.634814  12.177755   9.448203
  10.874992  11.039508 ]
 [ 7.1716785 12.923599  10.135103   9.03014    8.453497   8.266761
   6.788291  11.219244 ]
 [11.135607  13.394949   9.2342    10.612593  12.016466  13.055114
   8.193144   9.551456 ]
 [11.552414   7.274975   7.2060194 11.166322   8.980627  10.011377
   8.080011   8.057293 ]
 [11.054179   8.3986435 10.589186   9.206865  10.914681   9.872495
  11.527216   9.257136 ]
 [ 7.442251   7.591612  11.8214035  8.5230055  9.992923  11.800903
   6.2683277 11.4335985]]